0.0 0.0		600.0 0.0	Česká
0.0 0.0		0.0 300.0	Rakouská
0.0 300.0	120.0 300.0	Maďarská
0.0 150.0	600.0 150.0	Polská
0.0 300.0	165.0 405.0	Italská
165.0 405.0	60.0 480.0	Slovenská
60.0 480.0	230.0 480.0	Slovinská
330.0 480.0	360.0 405.0	Rumunská
360.0 405.0	600.0 525.0	Bulharská
600.0 525.0	600.0 0.0	Francouzská
300.0 0.0	300.0 150.0	Ukrajinská
300.0 150.0	165.0 405.0	Belgická
165.0 405.0	360.0 405.0	Lucemburská
360.0 405.0	600.0 225.0	Španělská
300.0 150.0	600.0 420.0	Portugalská
0.0 0.0		360.0 405.0	Švýcarská
120.0 300.0	300.0 0.0	Lichtnštejnská
0.0 300.0	60.0 480.0	Nizozemská
60.0 480.0	0.0 600.0	Dánská
0.0 600.0	450.0 600.0	Finská
450.0 600.0	600.0 480.0	Švédská
330.0 480.0	330.0 600.0	Islandská
